Australian Bureau of Statistics

"2016 Census - Selected Dwelling Characteristics"
"LGA by RNTRD Rent (weekly) Ranges"
"Counting: Dwellings Location on Census Night"

Filters:
"Default Summation","Dwellings Location on Census Night"

"RNTRD Rent (weekly) Ranges","Nil payments","$1-$74","$75-$99","$100-$124","$125-$149","$150-$174","$175-$199","$200-$224","$225-$249","$250-$274","$275-$299","$300-$324","$325-$349","$350-$374","$375-$399","$400-$424","$425-$449","$450-$549","$550-$649","$650-$749","$750-$849","$850-$949","$950 and over","Not stated","Not applicable","Total",
"LGA",
"Alpine (S)",95,17,28,66,51,112,108,149,91,113,59,60,24,29,21,17,0,16,7,9,3,5,77,54,6021,7239,
"Ararat (RC)",96,34,25,102,63,121,103,138,77,92,39,43,14,3,10,11,0,17,0,3,5,0,6,84,4333,5407,
"Ballarat (C)",239,125,142,718,492,766,663,1244,1249,2049,1156,1175,516,538,196,237,69,171,37,30,6,11,21,351,33029,45230,
"Banyule (C)",284,103,108,534,187,227,172,301,258,415,541,1206,1030,1441,818,868,382,1264,321,127,58,18,100,372,39094,50228,
"Bass Coast (S)",184,32,27,184,63,155,182,426,362,572,286,312,131,155,67,64,11,31,10,0,4,3,19,132,22386,25813,
"Baw Baw (S)",217,37,35,171,102,215,159,355,302,551,311,476,219,194,84,55,8,36,14,5,6,3,9,119,17215,20919,
"Bayside (C)",270,85,52,378,112,135,82,135,113,140,175,334,235,439,370,489,256,1323,790,494,436,301,777,265,32895,41092,
"Benalla (RC)",62,24,27,124,66,155,164,210,131,145,82,58,17,29,3,7,0,0,0,3,0,0,0,63,5442,6812,
"Boroondara (C)",602,77,69,273,113,193,220,426,301,458,469,971,887,1783,1386,1601,785,3052,1531,947,590,388,803,552,50946,69419,
"Brimbank (C)",528,119,88,401,224,461,388,848,664,1280,1651,3308,1788,1718,654,572,143,351,79,45,37,13,119,679,53122,69274,
"Buloke (S)",78,50,16,70,43,65,38,27,11,3,5,3,0,3,0,0,0,0,4,0,5,0,0,24,2766,3211,
"Campaspe (S)",228,69,69,309,194,325,262,437,261,340,183,177,87,105,46,33,12,38,8,5,0,4,12,138,13550,16875,
"Cardinia (S)",199,53,29,150,54,96,91,221,160,610,727,1369,980,990,433,315,89,206,57,24,10,4,25,239,27972,35102,
"Casey (C)",420,109,86,452,229,364,220,450,414,947,1263,3172,2393,3165,1751,1749,470,910,189,70,53,20,118,715,82326,102049,
"Central Goldfields (S)",63,41,21,119,66,133,151,199,148,134,43,22,7,6,0,0,0,6,0,0,0,0,6,44,5423,6639,
"Colac-Otway (S)",130,45,32,132,84,142,153,268,141,224,133,137,38,56,14,13,8,7,0,5,0,0,6,106,9868,11742,
"Corangamite (S)",228,35,32,135,69,160,100,192,100,102,35,25,7,17,4,3,0,9,3,0,4,0,9,90,6390,7753,
"Darebin (C)",483,200,164,895,313,421,415,762,620,1319,1398,2469,1569,2141,1186,1386,597,2356,1017,413,177,62,178,680,42349,63556,
"East Gippsland (S)",254,80,95,310,152,328,304,498,341,487,281,332,125,160,53,55,7,10,13,3,0,0,15,156,20159,24214,
"Frankston (C)",243,104,95,483,241,338,355,726,679,1346,1354,2361,1466,1492,755,673,275,560,171,72,27,9,75,482,42550,56938,
"Gannawarra (S)",111,41,43,83,101,178,108,97,27,32,4,17,0,5,0,0,0,4,0,0,0,0,3,46,4400,5290,
"Glen Eira (C)",503,72,70,231,133,250,205,389,622,1075,827,1215,900,1426,1146,1470,745,2932,1396,792,428,207,316,502,41972,59814,
"Glenelg (S)",132,41,43,180,117,248,176,238,151,154,62,102,15,24,3,6,0,12,7,0,0,0,5,76,8165,9951,
"Golden Plains (S)",86,12,5,27,16,27,23,55,26,56,40,74,27,57,40,20,4,11,0,0,0,0,0,27,7713,8347,
"Greater Bendigo (C)",307,122,114,658,352,673,680,1171,1036,1857,1112,1515,571,579,177,215,54,122,38,14,9,6,14,326,37367,49089,
"Greater Dandenong (C)",406,143,133,623,261,504,422,853,1033,1575,1697,2623,1903,1794,776,578,175,516,144,58,34,17,138,676,37690,54779,
"Greater Geelong (C)",643,227,237,1122,604,1013,1024,1730,1444,2715,2366,2996,1569,2019,1186,1020,368,844,224,73,44,23,66,801,81770,106149,
"Greater Shepparton (C)",231,87,114,434,286,571,581,1018,540,751,462,485,256,241,80,88,21,49,16,7,3,8,16,244,20387,26963,
"Hepburn (S)",102,12,20,77,31,67,43,121,68,110,70,111,49,62,14,20,7,21,0,0,0,0,19,39,7634,8707,
"Hindmarsh (S)",52,30,18,41,78,78,41,31,4,7,4,0,0,0,0,0,0,0,0,0,0,0,0,16,2630,3042,
"Hobsons Bay (C)",228,46,82,326,123,183,219,315,291,630,762,1323,785,885,480,551,245,1044,431,178,81,48,81,333,27506,37183,
"Horsham (RC)",86,25,74,156,69,191,281,238,137,187,109,112,61,78,33,23,9,16,0,0,0,0,6,94,7251,9232,
"Hume (C)",365,107,84,450,190,288,242,445,394,706,1141,3377,2096,2137,900,663,129,353,72,64,32,23,115,536,52486,67404,
"Indigo (S)",77,22,15,89,58,83,88,128,80,115,74,79,36,51,13,10,3,9,3,3,0,0,11,43,5937,7036,
"Kingston (C)",370,80,80,419,167,303,208,385,421,740,744,1483,1050,1589,1083,1143,504,1863,695,251,109,49,134,490,49495,63861,
"Knox (C)",303,72,83,369,159,188,162,268,188,335,405,1022,1058,1647,1034,1098,455,1047,203,68,30,12,53,400,48486,59148,
"Latrobe (C)",183,177,293,587,538,926,942,1021,518,792,354,390,188,181,73,77,13,33,5,8,0,0,13,234,26605,34167,
"Loddon (S)",103,16,49,61,33,74,50,42,7,14,5,3,0,0,0,0,0,4,0,0,5,0,0,23,3680,4173,
"Macedon Ranges (S)",143,37,46,76,38,77,41,134,75,158,138,291,176,246,145,144,55,174,51,20,9,0,15,98,16267,18657,
"Manningham (C)",373,20,12,89,44,97,60,76,66,116,120,298,334,717,619,834,464,1703,713,237,97,31,100,337,37847,45408,
"Mansfield (S)",87,10,7,39,16,40,33,65,24,47,68,59,35,32,14,4,3,3,8,0,0,0,9,37,5304,5950,
"Maribyrnong (C)",216,133,111,598,223,354,331,733,553,833,897,1441,882,1239,818,1079,478,1484,496,171,66,30,112,467,21983,35738,
"Maroondah (C)",199,71,60,313,125,227,154,235,195,367,568,1379,1096,1342,767,761,338,800,168,49,23,4,46,326,34896,44501,
"Melbourne (C)",948,191,161,793,343,515,381,570,632,999,950,1854,1378,2358,2213,3082,1638,8791,5341,2249,1078,553,1053,1278,36460,75805,
"Melton (C)",224,40,47,120,67,153,141,334,535,1225,981,1458,786,1053,456,470,144,329,55,14,19,11,30,308,37704,46705,
"Mildura (RC)",257,126,134,439,258,619,659,751,519,649,391,487,198,187,56,52,15,46,20,21,8,4,13,255,17935,24104,
"Mitchell (S)",133,33,32,130,67,142,141,251,258,397,278,479,260,198,52,58,8,43,4,4,3,0,7,121,13207,16324,
"Moira (S)",225,44,35,215,149,283,252,352,198,247,125,152,54,72,28,24,5,9,3,7,0,0,9,119,11179,13794,
"Monash (C)",532,98,78,506,253,418,284,343,365,385,454,1119,1044,1892,1590,1829,943,3458,1436,490,176,59,207,643,52028,70623,
"Moonee Valley (C)",363,165,150,676,222,332,267,368,517,695,735,1356,991,1467,1034,1103,491,1729,652,248,99,46,107,450,35890,50167,
"Moorabool (S)",114,26,27,104,62,82,91,209,138,244,166,293,193,134,40,23,11,14,9,4,0,0,7,76,11040,13123,
"Moreland (C)",532,135,129,612,265,369,341,586,644,1112,1216,2337,1903,2959,1587,1735,810,3113,1293,530,197,97,203,672,47343,70711,
"Mornington Peninsula (S)",583,88,67,442,178,321,256,536,467,1058,996,1540,931,1173,654,643,260,925,296,159,75,34,94,424,76906,89110,
"Mount Alexander (S)",75,25,7,110,35,74,63,119,84,150,134,191,58,64,27,16,6,16,7,0,4,0,5,48,7973,9307,
"Moyne (S)",234,41,23,96,42,104,78,114,71,103,63,60,20,45,16,18,4,13,3,3,0,0,5,68,6847,8072,
"Murrindindi (S)",78,22,14,49,29,54,70,112,77,98,37,74,17,32,11,10,0,12,3,3,0,0,9,45,6695,7560,
"Nillumbik (S)",121,14,14,72,27,34,24,48,29,46,58,163,120,182,117,182,73,297,116,39,18,7,15,88,19851,21755,
"Northern Grampians (S)",85,24,27,122,106,180,141,146,66,63,23,14,5,8,0,4,0,3,0,0,3,3,10,62,5018,6116,
"Port Phillip (C)",389,142,146,895,229,381,403,538,485,964,920,1579,1208,1875,1572,2065,938,4163,2327,1234,682,368,744,646,32976,57869,
"Pyrenees (S)",73,19,10,42,19,38,27,50,18,32,13,15,0,0,3,0,3,4,4,0,0,0,0,25,3172,3579,
"Queenscliffe (B)",25,4,4,7,5,10,12,8,11,22,17,29,17,27,10,9,0,9,3,0,0,0,0,11,2579,2807,
"South Gippsland (S)",221,52,61,111,70,127,150,291,237,267,135,111,42,30,7,12,4,7,3,4,0,0,13,91,13843,15911,
"Southern Grampians (S)",149,59,42,161,88,171,97,186,104,141,54,53,12,12,3,5,3,9,0,3,0,0,3,52,6587,8003,
"Stonnington (C)",447,84,107,574,212,275,216,310,349,702,754,1411,1074,1961,1434,1709,758,3372,2064,968,540,306,750,594,33219,54176,
"Strathbogie (S)",109,26,13,59,53,78,69,108,59,92,39,41,7,22,6,4,0,6,5,0,0,4,3,44,4837,5681,
"Surf Coast (S)",139,17,9,48,19,50,42,85,48,108,95,175,90,186,156,210,105,384,84,22,8,5,7,79,16096,18264,
"Swan Hill (RC)",162,73,70,181,154,252,225,309,175,190,70,79,20,40,20,22,0,4,5,4,0,0,3,98,7038,9204,
"Towong (S)",70,16,12,52,33,76,40,42,24,33,10,12,3,4,0,0,0,0,0,0,0,0,0,15,2660,3114,
"Wangaratta (RC)",144,40,36,183,143,268,230,311,229,309,161,178,64,89,34,24,3,13,3,5,0,0,5,103,10491,13073,
"Warrnambool (C)",78,59,52,257,141,234,231,448,273,490,318,443,206,239,95,131,26,73,12,3,0,0,10,122,11238,15183,
"Wellington (S)",282,79,64,301,162,364,266,458,297,451,192,267,114,154,56,55,18,54,10,6,3,4,13,177,18388,22242,
"West Wimmera (S)",102,29,28,43,22,32,9,8,4,0,0,0,0,0,0,0,0,0,0,0,0,0,0,22,1934,2238,
"Whitehorse (C)",507,113,135,505,249,362,261,592,379,468,426,1095,1061,1643,1488,1661,840,2448,835,366,131,51,142,594,49530,65881,
"Whittlesea (C)",393,83,50,189,116,202,178,256,292,674,1189,3272,2352,2911,1051,763,203,561,121,43,47,18,100,523,55428,71013,
"Wodonga (C)",70,59,45,337,160,289,315,632,477,649,464,491,264,313,159,135,41,63,10,10,5,5,6,144,11378,16517,
"Wyndham (C)",346,64,44,214,118,243,173,478,575,1600,2236,3836,2513,2675,1118,971,308,756,185,71,36,12,114,565,56047,75310,
"Yarra (C)",276,202,252,1097,423,514,339,535,321,574,535,992,589,983,897,1252,588,3613,2601,1366,695,382,445,579,23990,44033,
"Yarra Ranges (S)",332,81,65,220,129,201,145,383,256,444,457,910,632,956,588,624,195,474,100,27,23,4,27,324,51367,58971,
"Yarriambiack (S)",80,38,27,64,38,87,58,23,8,4,0,0,0,4,0,0,0,0,0,0,0,0,0,30,3102,3565,
"Unincorporated Vic",32,3,5,3,0,6,0,3,3,9,5,3,0,0,0,0,0,9,8,3,3,0,124,43,1243,1507,
"Migratory - Offshore - Shipping (Vic.)",0,0,0,0,0,0,0,0,0,0,0,0,0,0,0,0,0,0,0,0,0,0,0,0,11,11,
"Total",19142,5444,5258,23137,11390,19454,17147,28706,23555,40403,36958,64980,42843,56764,33844,36878,15645,58213,26572,12165,6266,3267,7914,21039,1908553,2525539,

"Data Source: Census of Population and Housing, 2016, TableBuilder"

"INFO","Cells in this table have been randomly adjusted to avoid the release of confidential data. No reliance should be placed on small cells."


"Copyright Commonwealth of Australia, 2018, see abs.gov.au/copyright"
"ABS data licensed under Creative Commons, see abs.gov.au/ccby"
