Australian Bureau of Statistics

"2016 Census - Employment, Income and Education"
"LGA (UR) by INCP Total Personal Income (weekly)"
"Counting: Persons Place of Usual Residence"

Filters:
"Default Summation","Persons Place of Usual Residence"

"INCP Total Personal Income (weekly)","Negative income","Nil income","$1-$149 ($1-$7,799)","$150-$299 ($7,800-$15,599)","$300-$399 ($15,600-$20,799)","$400-$499 ($20,800-$25,999)","$500-$649 ($26,000-$33,799)","$650-$799 ($33,800-$41,599)","$800-$999 ($41,600-$51,999)","$1,000-$1,249 ($52,000-$64,999)","$1,250-$1,499 ($65,000-$77,999)","$1,500-$1,749 ($78,000-$90,999)","$1,750-$1,999 ($91,000-$103,999)","$2,000-$2,999 ($104,000-$155,999)","$3,000 or more ($156,000 or more)","Not stated","Not applicable","Total",
"LGA (UR)",
"Alpine (S)",49,532,477,762,1229,1150,1042,907,937,772,489,361,201,237,119,1114,1953,12335,
"Ararat (RC)",59,483,331,804,1005,1073,919,878,797,634,403,306,198,189,116,1616,1805,11599,
"Ballarat (C)",358,5612,3671,6753,8209,8556,7217,6974,6996,6714,4358,3350,2213,2564,1491,7178,19469,101689,
"Banyule (C)",435,8786,4762,6497,7343,7725,7187,6933,7924,8575,6522,5877,4155,6227,3815,7097,22011,121869,
"Bass Coast (S)",150,1567,1097,2382,3584,3383,2850,2408,2079,1817,1014,835,483,559,374,2881,5347,32806,
"Baw Baw (S)",220,2938,1773,3014,3887,3925,3466,3349,3326,3040,1973,1503,1059,1299,685,3727,9290,48477,
"Bayside (C)",311,7422,3885,4051,4323,4810,4566,4388,5086,5655,4411,4401,3264,6609,9305,6187,18416,97092,
"Benalla (RC)",54,680,454,984,1437,1316,1114,1051,1005,836,506,359,231,236,148,1277,2170,13863,
"Boroondara (C)",582,15943,7102,7677,6966,7341,7767,7701,9128,10461,8230,7955,5788,11305,14544,9946,28805,167232,
"Brimbank (C)",1369,19771,7709,15579,16343,13147,11434,12916,13814,12443,7313,4999,3017,3448,1266,13899,35863,194315,
"Buloke (S)",75,365,218,460,640,692,466,376,401,352,171,149,72,56,50,661,1002,6202,
"Campaspe (S)",201,1895,1296,2239,3463,3262,2902,2774,2686,2443,1315,1015,618,646,352,3301,6633,37054,
"Cardinia (S)",329,6536,3255,4733,5684,5573,5865,6219,7139,7179,4652,3458,2148,2590,1065,5977,21724,94130,
"Casey (C)",1589,27186,11131,16727,17876,16543,17095,20321,23319,22375,13975,9884,6144,7295,2809,17180,67849,299296,
"Central Goldfields (S)",67,668,455,1133,1799,1560,1095,927,840,572,281,189,106,121,60,1107,2011,12993,
"Colac-Otway (S)",139,947,789,1283,1896,1874,1721,1570,1678,1451,812,513,343,332,221,1709,3700,20971,
"Corangamite (S)",142,824,641,1048,1399,1407,1240,999,1148,1008,588,443,242,271,240,1470,2924,16053,
"Darebin (C)",634,10959,5127,9630,11263,9938,8353,8634,9749,10278,7334,6216,4147,6192,3398,11434,23442,146722,
"East Gippsland (S)",206,2127,1544,3302,4883,4481,3756,3279,2980,2631,1423,1045,599,680,437,4504,7151,45041,
"Frankston (C)",484,8460,4749,7531,9148,9674,8943,9208,10459,10292,6705,5032,3235,3742,1522,9929,25029,134144,
"Gannawarra (S)",79,531,391,753,1142,1104,906,850,756,602,297,215,117,124,92,912,1682,10548,
"Glen Eira (C)",514,12612,5033,6625,7284,7771,7295,7158,8446,9540,7236,6708,4953,8544,7062,8322,25772,140875,
"Glenelg (S)",82,1032,800,1414,1806,1763,1434,1299,1166,1174,678,588,452,569,238,1889,3178,19556,
"Golden Plains (S)",100,1365,822,1299,1591,1339,1327,1366,1444,1519,956,825,491,595,267,1447,4923,21687,
"Greater Bendigo (C)",327,5699,4064,7114,8979,8628,8021,8121,8023,7169,4785,3622,2281,2691,1247,8508,21193,110479,
"Greater Dandenong (C)",1149,16874,5473,12018,13156,11065,9506,11272,11392,9386,5034,3367,1817,1882,702,10507,27448,152052,
"Greater Geelong (C)",791,14331,9062,14838,18462,18484,16336,15266,15786,15534,10303,8358,5584,7079,3740,17217,42260,233426,
"Greater Shepparton (C)",336,3541,2237,3945,5056,4817,4473,4484,4569,4261,2550,1835,1119,1274,659,5981,12706,63839,
"Hepburn (S)",65,813,485,1035,1414,1639,1212,1080,1049,871,530,434,248,342,207,1512,2393,15327,
"Hindmarsh (S)",54,318,211,385,641,586,467,419,424,329,185,129,86,79,56,464,866,5725,
"Hobsons Bay (C)",421,6641,3095,5168,6004,5652,4603,4681,5678,6184,4450,3953,2793,4583,2666,5845,16353,88777,
"Horsham (RC)",110,833,716,1106,1569,1675,1623,1551,1657,1345,825,554,373,414,227,1345,3727,19641,
"Hume (C)",1323,17563,8063,14634,14606,12055,11256,12212,13584,12929,8029,5598,3471,4059,1551,12526,43915,197376,
"Indigo (S)",46,807,572,864,1203,1325,1129,1098,1212,1191,766,598,389,399,177,1325,2849,15953,
"Kingston (C)",558,11090,5740,8081,9804,9932,8965,9176,10391,10963,7967,6897,4803,7020,3584,9620,26794,151389,
"Knox (C)",554,12794,6530,8689,10225,10082,9675,10145,11582,11918,8071,6491,4292,5641,2308,8058,27057,154109,
"Latrobe (C)",267,4365,2639,5138,6535,6227,5167,4535,4446,4025,2652,2170,1635,2372,1206,6613,13258,73257,
"Loddon (S)",62,386,252,563,892,823,566,492,470,393,203,132,80,68,51,879,1193,7512,
"Macedon Ranges (S)",167,3242,1680,2334,2682,2889,2738,2644,2936,2994,2133,2018,1306,2205,1345,3342,9440,46103,
"Manningham (C)",530,12002,5199,6926,7711,7139,6999,6515,7125,7417,5367,4848,3430,5556,4389,6382,18732,116260,
"Mansfield (S)",40,472,278,516,729,745,689,622,593,577,354,244,162,185,94,741,1539,8589,
"Maribyrnong (C)",391,6675,2578,5290,5378,4964,4416,4732,5640,5953,4318,3720,2614,4099,2006,6322,13189,82285,
"Maroondah (C)",367,7508,4531,6140,6606,7650,7002,6960,7796,8348,5952,4954,3374,4686,2026,5870,20606,110372,
"Melbourne (C)",1022,23876,4539,6936,6513,6346,6710,6240,7764,9133,7336,6407,4511,7969,5922,16001,8728,135964,
"Melton (C)",713,11289,4684,7335,7627,6953,7320,8186,9531,9851,6597,4795,3084,3577,1224,9333,33342,135443,
"Mildura (RC)",252,2876,1791,3599,4793,4536,3831,3955,3909,3270,2007,1487,864,867,506,5088,10231,53878,
"Mitchell (S)",188,2794,1474,2160,2803,2589,2409,2653,2980,2861,2008,1448,960,1074,401,3629,8475,40916,
"Moira (S)",178,1391,1013,1833,3007,2795,2269,2027,1987,1769,1008,736,468,412,284,2819,5133,29108,
"Monash (C)",1011,23378,8025,11127,12122,11317,10390,10103,11101,11897,8241,7103,5111,8241,4445,10100,28897,182617,
"Moonee Valley (C)",473,8283,4315,6576,7618,6990,6266,6214,7223,8121,6382,5514,3992,6449,4428,8282,19555,116674,
"Moorabool (S)",156,2224,1240,1782,2261,2104,1976,1955,2125,2155,1552,1235,868,1078,416,2262,6443,31820,
"Moreland (C)",615,11919,5141,10082,12018,11288,9631,9412,10965,11950,8757,7522,5081,7410,3365,11298,26101,162564,
"Mornington Peninsula (S)",522,9173,5592,8400,11970,12463,11682,10553,10712,10171,6978,5577,3996,5064,3756,11546,26840,154996,
"Mount Alexander (S)",58,875,720,1158,1710,1793,1466,1304,1266,1107,668,542,319,401,224,2322,2813,18762,
"Moyne (S)",122,861,559,933,1211,1228,1198,1067,1206,1174,722,529,333,350,253,1390,3363,16499,
"Murrindindi (S)",87,792,444,866,1348,1212,1048,919,954,927,539,364,259,313,173,1307,2180,13730,
"Nillumbik (S)",175,4490,2845,2916,2906,3131,3539,3364,3939,4232,3350,3087,2241,3555,2298,3141,12061,61274,
"Northern Grampians (S)",67,511,410,785,1272,1240,922,904,818,677,399,286,182,180,77,1004,1710,11436,
"Port Phillip (C)",321,5313,2127,3720,4279,4831,4319,4863,6602,8096,6667,6347,4580,8510,7860,10647,11787,100863,
"Pyrenees (S)",50,393,261,536,796,696,494,466,436,388,187,164,76,83,47,1028,1133,7240,
"Queenscliffe (B)",16,143,109,161,210,224,239,185,197,190,148,127,90,124,90,263,333,2854,
"South Gippsland (S)",151,1558,1048,1962,2661,2586,2217,1927,1885,1733,1051,793,512,598,341,2565,5118,28700,
"Southern Grampians (S)",87,746,564,1022,1454,1459,1297,1215,1220,1052,623,476,291,323,171,1202,2746,15941,
"Stonnington (C)",373,8052,2975,4120,4443,4438,4469,4695,6244,7940,6437,6148,4350,7998,9641,8637,12864,103831,
"Strathbogie (S)",64,511,356,698,972,982,837,762,751,610,367,274,190,188,117,1081,1507,10272,
"Surf Coast (S)",82,1717,1093,1518,1734,1726,1917,1853,1901,2026,1513,1276,869,1276,872,1975,6050,29402,
"Swan Hill (RC)",121,1058,688,1203,1611,1570,1473,1607,1469,1303,665,512,279,311,203,2572,3942,20587,
"Towong (S)",41,310,202,441,607,549,465,386,405,365,257,188,118,125,68,502,961,5986,
"Wangaratta (RC)",125,1253,939,1701,2423,2538,2145,2194,2154,1864,1144,853,513,554,304,2505,5106,28310,
"Warrnambool (C)",94,1530,1325,2100,2572,2807,2516,2567,2669,2352,1367,1047,699,760,449,2683,6108,33655,
"Wellington (S)",208,2523,1508,2678,3728,3588,2961,2757,2738,2598,1630,1205,862,1137,823,4419,7632,42986,
"West Wimmera (S)",39,195,151,218,365,383,323,290,263,272,133,113,68,73,54,285,672,3905,
"Whitehorse (C)",705,17635,7217,9464,10368,10119,9670,9034,9841,10502,7440,6604,4932,7974,4936,8390,27248,162080,
"Whittlesea (C)",989,17451,7188,12923,14403,11981,11418,13015,14556,14151,9214,6579,3993,4511,1468,11470,42181,197490,
"Wodonga (C)",110,1995,1210,2232,2773,2701,2714,2919,3228,2947,2037,1370,902,923,337,2841,8106,39347,
"Wyndham (C)",1106,20663,7385,11163,10733,10137,10933,12876,15804,16043,10375,8076,5306,7071,2628,13012,53812,217118,
"Yarra (C)",283,4101,2091,4414,4295,4346,4024,4153,5566,7138,6251,5635,4009,7004,5454,8210,9671,86652,
"Yarra Ranges (S)",601,9806,5820,8231,9951,10394,9911,10046,11276,11250,7474,5977,3883,4986,2157,9317,28456,149542,
"Yarriambiack (S)",71,318,223,436,746,753,513,472,430,403,228,149,82,89,45,660,1056,6675,
"Unincorporated Vic",4,23,16,22,51,52,58,51,74,61,30,23,24,21,20,215,133,876,
"No usual address (Vic.)",54,704,308,1022,687,659,422,383,361,333,185,123,88,127,76,1284,747,7572,
"Migratory - Offshore - Shipping (Vic.)",0,0,0,0,0,0,0,0,0,0,0,0,0,7,10,3,4,26,
"Total",27121,467928,218512,349961,406877,391306,360833,366104,404214,407043,278095,226824,153096,220800,143874,423108,1080917,5926624,

"Data Source: Census of Population and Housing, 2016, TableBuilder"

"INFO","Cells in this table have been randomly adjusted to avoid the release of confidential data. No reliance should be placed on small cells."


"Copyright Commonwealth of Australia, 2018, see abs.gov.au/copyright"
"ABS data licensed under Creative Commons, see abs.gov.au/ccby"
